<?xml version="1.0"?>
<opencv_storage>
<calibPointFile>
<imgWidth>752</imgWidth>
<imgHeight>576</imgHeight>
<isLeft>1</isLeft>
<ptsTemplate>-4 0 -4 2 -4 4 -4 6 -4 8 -4 10 -4 12 -2 -16 -2 -14 -2 -12 -2 -10 -2 -8 -2 -6 -2 -4 -2 -2 -2 0 -2 2 -2 4 -2 6 -2 8 -2 10 -2 12 0 -16 0 -14 0 -12 0 -10 0 -8 0 -6 0 -4 0 -2 0 2 0 4 0 6 0 8 0 10 0 12 2 -16 2 -14 2 -12 2 -10 2 -8 2 -6 2 -4 2 -2 2 0 2 2 2 4 2 6 2 8 2 10 4 -14 4 -12 4 -10 4 -8 4 -6 4 -4 4 -2 4 0 4 2 4 4 4 6 4 8 4 10 6 -14 6 -12 6 -10 6 -8 6 -6 6 -4 6 -2 6 0 6 2 6 4 6 6 6 8 6 10 8 -14 8 -12 8 -10 8 -8 8 -6 8 -4 8 -2 8 2 8 4 8 6 8 8 8 10 10 -12 10 -10 10 -8 10 -6 10 -4 10 -2 10 0 10 2 10 4 10 6 10 8 10 10 12 -12 12 -10 12 -8 12 -6 12 -4 12 -2 12 0 12 2 12 4 12 6 12 8 12 10 14 -12 14 -10 14 -8 14 -6 14 -4 16 -12 </ptsTemplate>
<ptsImage>20.59 335.343 23.249 373.69 26.2454 411.112 29.4873 447.914 33.0514 483.101 36.1002 516.949 40.085 548.698 32.951 45.9462 33.5945 76.1217 34.7622 107.736 35.9493 142.023 37.5769 177.705 39.4299 215.474 41.604 253.805 43.8936 293.428 52.8656 331.781 49.2813 372.882 52.1296 411.934 55.4494 450.227 58.4043 486.546 61.5543 521.451 64.6103 554.095 56.841 34.5434 58.6811 64.9951 60.221 97.5667 62.3162 132.567 64.2034 169.522 66.5912 208.536 69.1591 248.157 71.8509 289.373 77.4675 371.903 80.2043 412.348 83.0641 451.85 85.9154 489.609 88.6134 525.806 91.19 559.325 83.5987 22.6462 85.7991 53.775 88.6242 86.8533 91.2073 122.898 94.1109 160.713 96.9083 201.061 99.8344 242.308 102.742 284.891 105.716 327.534 108.684 370.523 111.234 412.383 113.709 453.6 116.126 492.538 118.319 529.808 114.364 42.57 117.554 76.5609 121.42 113.332 124.964 152.215 128.645 193.588 131.898 236.176 135.246 280.139 138.501 324.43 141.238 368.789 143.765 411.991 146.014 454.663 147.887 494.784 149.096 533.271 143.883 31.848 148.727 65.9917 153.087 103.758 157.64 143.449 161.875 185.904 165.965 229.705 169.8 275.217 173.158 320.667 175.846 366.684 178.068 411.259 179.817 455.228 180.995 496.451 181.719 536.047 174.866 21.1592 180.432 56.0969 186.489 94.221 191.563 134.814 196.9 178.306 201.486 223.29 205.774 270.016 212.181 364.247 214.058 410.214 215.207 455.243 215.757 497.745 215.293 538.241 214.468 46.1195 221.177 84.9386 227.923 126.238 233.675 170.718 239.332 216.538 243.757 264.661 247.488 312.453 250.223 361.262 251.875 408.358 252.572 454.678 252.114 498.14 251.061 539.421 247.977 37.1742 256.322 76.1337 263.72 118.15 270.853 163.172 277.022 210.282 282.018 258.956 286.015 308.027 288.534 357.654 290.048 406.35 289.816 452.969 288.718 497.586 286.119 539.49 281.678 28.7125 291.055 68.5129 300.095 110.507 307.96 156.481 314.744 203.799 315.076 21.7179 </ptsImage>
</calibPointFile>
</opencv_storage>
