<?xml version="1.0"?>
<opencv_storage>
<calibPointFile>
<imgWidth>752</imgWidth>
<imgHeight>576</imgHeight>
<isLeft>1</isLeft>
<ptsTemplate>-6 10 -4 -8 -4 -6 -4 -4 -4 -2 -4 0 -4 2 -4 4 -4 6 -4 8 -4 10 -2 -16 -2 -14 -2 -12 -2 -10 -2 -8 -2 -6 -2 -4 -2 -2 -2 0 -2 2 -2 4 -2 6 -2 8 -2 10 0 -16 0 -14 0 -12 0 -10 0 -8 0 -6 0 -4 0 -2 0 0 0 2 0 4 0 6 0 8 0 10 2 -14 2 -12 2 -10 2 -8 2 -6 2 -4 2 -2 2 0 2 2 2 4 2 6 2 8 2 10 4 -14 4 -12 4 -10 4 -8 4 -6 4 -4 4 -2 4 0 4 2 4 4 4 6 4 8 4 10 6 -14 6 -12 6 -10 6 -8 6 -6 6 -4 6 -2 6 0 6 2 6 4 6 6 6 8 6 10 8 -14 8 -12 8 -10 8 -8 8 -6 8 -4 8 -2 8 0 8 2 8 4 8 6 8 8 8 10 10 -12 10 -10 10 -8 10 -6 10 -4 10 -2 10 0 10 2 10 4 10 6 10 8 12 -12 12 -10 12 -8 12 -6 12 -4 12 -2 12 0 12 2 12 4 12 6 12 8 14 -12 14 -10 14 -8 </ptsTemplate>
<ptsImage>22.1053 542.875 19.7814 200.682 21.4273 237.683 23.7116 275.846 26.2908 314.581 29.1957 353.386 32.965 391.998 36.0694 430.068 39.8102 466.535 42.9639 502.422 45.8187 536.201 35.3269 43.0249 39.6932 87.4559 41.6623 120.575 43.194 155.593 45.2045 192.587 48.0415 231.318 50.6398 270.211 53.6078 310.531 56.9871 351.132 60.0824 391.131 63.1333 430.317 66.1289 468.777 69.5127 505.205 72.8082 539.785 62.156 31.7265 65.8782 76.5913 68.2304 110.159 70.6826 146.013 73.2863 184.032 76.1949 223.76 79.1522 264.595 82.9226 306.539 84.3662 348.475 89.5339 389.883 92.6032 430.65 95.3306 470.401 98.2348 508.096 101.422 544.181 93.3349 64.4186 96.8279 99.51 100.415 136.273 103.652 175.544 106.963 216.399 110.367 258.654 114.382 301.53 117.836 345.581 121.074 388.626 123.991 430.904 126.841 471.927 128.952 510.534 131.445 547.464 122.937 53.6811 127.369 88.8986 131.46 126.357 135.27 166.653 139.836 208.792 144.126 252.717 147.642 296.982 151.395 341.538 154.543 386.309 157.293 430.257 159.404 472.371 161.293 512.485 162.895 550.494 153.31 41.5284 159.029 77.4802 164.359 116.305 169.371 157.566 174.716 200.699 179.244 245.901 183.472 291.787 187.312 338.03 190.062 383.898 192.293 429.22 194.303 472.529 195.351 514.507 196.576 553.395 185.681 30.5623 192.228 67.4612 198.505 106.407 204.677 148.305 210.783 192.244 215.681 238.595 220.474 285.841 221.406 333.994 227.428 381.175 229.46 427.465 230.386 472.45 231.488 514.866 230.776 554.611 226.086 57.0248 233.796 96.3898 240.89 139.22 247.196 184.426 253.346 231.464 258.483 280.089 262.816 328.426 265.43 377.302 266.949 425.408 267.975 471.366 267.829 514.676 261.35 46.7505 270.114 87.32 278.163 130.275 285.756 176.626 291.899 224.472 297.631 273.684 301.765 323.755 304.495 373.538 306.111 422.619 306.216 469.04 305.646 513.673 297.152 36.6563 306.405 77.5209 316.197 122.422 </ptsImage>
</calibPointFile>
</opencv_storage>
